# ----- Rotor performance tables for the SW_SPAR wind turbine ----- 
# ------------ Written on Aug-25-22 using the ROSCO toolbox ------------ 

# Pitch angle vector, 64 entries - x axis (matrix columns) (deg)
-7.0   -6.5   -6.0   -5.5   -5.0   -4.5   -4.0   -3.5   -3.0   -2.5   -2.0   -1.5   -1.0   -0.5   0.0   0.5   1.0   1.5   2.0   2.5   3.0   3.5   4.0   4.5   5.0   5.5   6.0   6.5   7.0   7.5   8.0   8.5   9.0   9.5   10.0   10.5   11.0   11.5   12.0   12.5   13.0   13.5   14.0   14.5   15.0   15.5   16.0   16.5   17.0   17.5   18.0   18.5   19.0   19.5   20.0   20.5   21.0   21.5   22.0   22.5   23.0   23.5   24.0   24.5   
# TSR vector, 28 entries - y axis (matrix rows) (-)
1.0    1.5    2.0    2.5    3.0    3.5    4.0    4.5    5.0    5.5    6.0    6.5    7.0    7.5    8.0    8.5    9.0    9.5    10.0    10.5    11.0    11.5    12.0    12.5    13.0    13.5    14.0    14.5    
# Wind speed vector - z axis (m/s)
11.4    

# Power coefficient

0.001364   0.001739   0.002070   0.002399   0.002725   0.003047   0.003367   0.003684   0.003998   0.004310   0.004618   0.004924   0.005228   0.005529   0.005828   0.006126   0.006422   0.006717   0.007011   0.007304   0.007597   0.007890   0.008184   0.008479   0.008774   0.009071   0.009371   0.009672   0.009976   0.010283   0.010594   0.010908   0.011226   0.011549   0.011876   0.012209   0.012547   0.012892   0.013242   0.013599   0.013963   0.014334   0.014712   0.015097   0.015489   0.015889   0.016295   0.016709   0.017129   0.017555   0.017987   0.018425   0.018868   0.019316   0.019769   0.020227   0.020689   0.021154   0.021623   0.022095   0.022569   0.023046   0.023524   0.024003   
0.003311   0.003954   0.004598   0.005243   0.005889   0.006537   0.007188   0.007842   0.008500   0.009162   0.009829   0.010502   0.011181   0.011867   0.012561   0.013265   0.013977   0.014700   0.015433   0.016178   0.016935   0.017706   0.018489   0.019286   0.020097   0.020922   0.021761   0.022615   0.023482   0.024363   0.025256   0.026162   0.027080   0.028010   0.028950   0.029900   0.030860   0.031828   0.032806   0.033790   0.034780   0.035777   0.036777   0.037781   0.038786   0.039790   0.040794   0.041793   0.042787   0.043772   0.044746   0.045708   0.046653   0.047579   0.048483   0.049359   0.050205   0.051016   0.051788   0.052516   0.053195   0.053820   0.054388   0.054894   
0.007972   0.009310   0.010668   0.012048   0.013449   0.014872   0.016318   0.017786   0.019277   0.020790   0.022325   0.023880   0.025457   0.027052   0.028666   0.030296   0.031941   0.033600   0.035272   0.036956   0.038651   0.040357   0.042074   0.043801   0.045538   0.047283   0.049037   0.050797   0.052564   0.054334   0.056106   0.057877   0.059643   0.061400   0.063145   0.064873   0.066578   0.068254   0.069895   0.071492   0.073040   0.074529   0.075951   0.077297   0.078558   0.079727   0.080794   0.081752   0.082594   0.083315   0.083907   0.084366   0.084687   0.084866   0.084899   0.084785   0.084523   0.084116   0.083567   0.082877   0.082049   0.081087   0.079995   0.078778   
0.020392   0.023065   0.025767   0.028496   0.031247   0.034016   0.036798   0.039592   0.042395   0.045206   0.048023   0.050845   0.053671   0.056503   0.059340   0.062183   0.065033   0.067889   0.070748   0.073609   0.076468   0.079322   0.082164   0.084990   0.087791   0.090561   0.093287   0.095959   0.098564   0.101089   0.103517   0.105835   0.108027   0.110077   0.111972   0.113696   0.115237   0.116585   0.117727   0.118654   0.119358   0.119832   0.120071   0.120074   0.119842   0.119380   0.118691   0.117780   0.116651   0.115310   0.113768   0.112033   0.110118   0.108033   0.105788   0.103396   0.100868   0.098216   0.095445   0.092564   0.089581   0.086504   0.083337   0.080087   
0.044528   0.048865   0.053195   0.057519   0.061839   0.066158   0.070479   0.074802   0.079127   0.083455   0.087785   0.092115   0.096444   0.100769   0.105084   0.109379   0.113642   0.117858   0.122009   0.126077   0.130040   0.133878   0.137567   0.141082   0.144396   0.147482   0.150316   0.152876   0.155139   0.157088   0.158706   0.159982   0.160906   0.161476   0.161694   0.161566   0.161092   0.160276   0.159122   0.157641   0.155848   0.153759   0.151393   0.148770   0.145909   0.142829   0.139544   0.136070   0.132425   0.128625   0.124685   0.120620   0.116440   0.112154   0.107763   0.103273   0.098686   0.094003   0.089223   0.084347   0.079378   0.074313   0.069155   0.063905   
0.079772   0.085976   0.092173   0.098371   0.104575   0.110784   0.116999   0.123213   0.129417   0.135597   0.141736   0.147813   0.153803   0.159675   0.165396   0.170928   0.176230   0.181258   0.185970   0.190322   0.194274   0.197788   0.200837   0.203397   0.205457   0.207013   0.208070   0.208627   0.208682   0.208240   0.207311   0.205911   0.204060   0.201784   0.199112   0.196068   0.192673   0.188950   0.184924   0.180623   0.176077   0.171313   0.166360   0.161236   0.155956   0.150537   0.144985   0.139310   0.133515   0.127601   0.121567   0.115410   0.109127   0.102716   0.096178   0.089510   0.082710   0.075780   0.068723   0.061543   0.054247   0.046843   0.039344   0.031763   
0.125651   0.134180   0.142716   0.151253   0.159781   0.168277   0.176708   0.185035   0.193208   0.201171   0.208867   0.216233   0.223200   0.229693   0.235645   0.240996   0.245697   0.249720   0.253057   0.255702   0.257647   0.258894   0.259451   0.259337   0.258581   0.257214   0.255268   0.252766   0.249730   0.246187   0.242170   0.237717   0.232872   0.227677   0.222167   0.216371   0.210317   0.204034   0.197548   0.190882   0.184051   0.177069   0.169939   0.162661   0.155232   0.147653   0.139917   0.132019   0.123950   0.115707   0.107287   0.098686   0.089905   0.080949   0.071826   0.062546   0.053122   0.043569   0.033904   0.024143   0.014306   0.004411   -0.005522   -0.015472   
0.182686   0.194039   0.205313   0.216446   0.227363   0.237979   0.248199   0.257923   0.267049   0.275471   0.283102   0.289882   0.295763   0.300708   0.304706   0.307765   0.309908   0.311175   0.311609   0.311251   0.310131   0.308276   0.305714   0.302480   0.298621   0.294186   0.289221   0.283764   0.277852   0.271526   0.264827   0.257793   0.250460   0.242860   0.235019   0.226957   0.218693   0.210236   0.201592   0.192759   0.183733   0.174510   0.165080   0.155438   0.145576   0.135492   0.125178   0.114635   0.103864   0.092868   0.081655   0.070235   0.058625   0.046839   0.034898   0.022820   0.010628   -0.001656   -0.014010   -0.026410   -0.038835   -0.051259   -0.063658   -0.076005   
0.250697   0.264563   0.277900   0.290578   0.302480   0.313486   0.323481   0.332362   0.340050   0.346510   0.351761   0.355860   0.358868   0.360840   0.361819   0.361845   0.360962   0.359227   0.356698   0.353423   0.349442   0.344788   0.339500   0.333620   0.327192   0.320261   0.312867   0.305046   0.296832   0.288258   0.279359   0.270163   0.260695   0.250972   0.241002   0.230785   0.220316   0.209593   0.198614   0.187376   0.175872   0.164096   0.152041   0.139706   0.127080   0.114163   0.100956   0.087468   0.073710   0.059700   0.045457   0.031004   0.016362   0.001553   -0.013401   -0.028475   -0.043644   -0.058880   -0.074149   -0.089416   -0.104644   -0.119794   -0.134826   -0.149695   
0.321606   0.335786   0.348804   0.360519   0.370837   0.379724   0.387186   0.393286   0.398096   0.401678   0.404098   0.405433   0.405764   0.405156   0.403658   0.401311   0.398150   0.394216   0.389547   0.384176   0.378132   0.371441   0.364137   0.356256   0.347838   0.338920   0.329539   0.319731   0.309528   0.298958   0.288047   0.276814   0.265263   0.253397   0.241214   0.228708   0.215873   0.202702   0.189190   0.175327   0.161104   0.146520   0.131565   0.116234   0.100529   0.084462   0.068049   0.051311   0.034264   0.016932   -0.000665   -0.018500   -0.036540   -0.054752   -0.073099   -0.091542   -0.110040   -0.128549   -0.147019   -0.165394   -0.183615   -0.201617   -0.219334   -0.236695   
0.374860   0.386889   0.397446   0.406568   0.414334   0.420848   0.426202   0.430470   0.433680   0.435868   0.437035   0.437197   0.436408   0.434711   0.432129   0.428677   0.424378   0.419255   0.413327   0.406622   0.399172   0.391010   0.382174   0.372703   0.362644   0.352044   0.340949   0.329395   0.317409   0.305002   0.292178   0.278936   0.265275   0.251191   0.236679   0.221730   0.206336   0.190488   0.174175   0.157391   0.140132   0.122387   0.104152   0.085434   0.066250   0.046616   0.026558   0.006106   -0.014708   -0.035847   -0.057274   -0.078947   -0.100820   -0.122839   -0.144947   -0.167079   -0.189171   -0.211152   -0.232948   -0.254484   -0.275676   -0.296440   -0.316684   -0.336318   
0.397868   0.407208   0.415453   0.422738   0.429168   0.434819   0.439723   0.443931   0.447450   0.450255   0.452272   0.453312   0.453290   0.452158   0.449882   0.446494   0.442029   0.436518   0.430014   0.422571   0.414247   0.405097   0.395174   0.384532   0.373221   0.361283   0.348749   0.335638   0.321960   0.307722   0.292927   0.277577   0.261666   0.245187   0.228130   0.210482   0.192232   0.173370   0.153878   0.133752   0.112976   0.091554   0.069509   0.046869   0.023665   -0.000068   -0.024291   -0.048960   -0.074022   -0.099419   -0.125089   -0.150966   -0.176981   -0.203062   -0.229129   -0.255101   -0.280890   -0.306403   -0.331540   -0.356195   -0.380253   -0.403582   -0.426006   -0.447357   
0.390586   0.398879   0.406567   0.413770   0.420565   0.427031   0.433218   0.439098   0.444534   0.449360   0.453380   0.456451   0.458461   0.459194   0.458472   0.456280   0.452619   0.447589   0.441280   0.433778   0.425167   0.415526   0.404928   0.393436   0.381103   0.367966   0.354052   0.339380   0.323962   0.307805   0.290911   0.273275   0.254887   0.235731   0.215783   0.195026   0.173447   0.151035   0.127796   0.103735   0.078865   0.053219   0.026833   -0.000245   -0.027962   -0.056259   -0.085075   -0.114345   -0.143998   -0.173959   -0.204150   -0.234485   -0.264873   -0.295219   -0.325418   -0.355356   -0.384913   -0.413949   -0.442263   -0.469593   -0.496070   -0.521460   -0.545851   -0.569122   
0.367054   0.375840   0.384223   0.392294   0.400138   0.407822   0.415387   0.422859   0.430212   0.437369   0.444103   0.450014   0.454734   0.458006   0.459748   0.459731   0.457843   0.454116   0.448659   0.441633   0.433170   0.423388   0.412383   0.400231   0.386991   0.372703   0.357401   0.341104   0.323826   0.305565   0.286315   0.266058   0.244775   0.222451   0.199075   0.174648   0.149170   0.122656   0.095134   0.066627   0.037184   0.006862   -0.024282   -0.056186   -0.088780   -0.121993   -0.155746   -0.189955   -0.224529   -0.259372   -0.294379   -0.329437   -0.364421   -0.399194   -0.433576   -0.467238   -0.500211   -0.532365   -0.563696   -0.594087   -0.623182   -0.651042   -0.677556   -0.702719   
0.335764   0.346044   0.356011   0.365716   0.375193   0.384470   0.393569   0.402509   0.411311   0.420001   0.428582   0.436919   0.444535   0.450811   0.455311   0.457858   0.458386   0.456662   0.452738   0.446731   0.438842   0.429236   0.418041   0.405356   0.391251   0.375778   0.358968   0.340840   0.321402   0.300660   0.278613   0.255255   0.230580   0.204586   0.177282   0.148695   0.118857   0.087821   0.055616   0.022292   -0.012088   -0.047457   -0.083740   -0.120856   -0.158720   -0.197238   -0.236309   -0.275823   -0.315658   -0.355684   -0.395746   -0.435621   -0.474886   -0.513826   -0.552084   -0.589893   -0.626790   -0.662603   -0.697328   -0.730690   -0.762881   -0.793699   -0.823052   -0.850842   
0.299061   0.311602   0.323822   0.335725   0.347309   0.358571   0.369509   0.380127   0.390442   0.400491   0.410331   0.420015   0.429543   0.438535   0.446083   0.451628   0.454813   0.455610   0.453791   0.449367   0.442462   0.433297   0.422043   0.408830   0.393754   0.376888   0.358287   0.337991   0.316029   0.292418   0.267171   0.240304   0.211833   0.181782   0.150189   0.117098   0.082568   0.046646   0.009379   -0.029159   -0.068889   -0.109724   -0.151570   -0.194323   -0.237871   -0.282091   -0.326843   -0.371969   -0.417219   -0.462082   -0.506957   -0.551482   -0.595898   -0.639534   -0.682569   -0.724602   -0.765799   -0.805952   -0.844774   -0.882054   -0.917494   -0.951249   -0.983396   -1.014073   
0.257242   0.272418   0.287299   0.301808   0.315894   0.329519   0.342656   0.355298   0.367456   0.379164   0.390482   0.401492   0.412301   0.422911   0.432966   0.441551   0.447824   0.451329   0.451933   0.449450   0.443842   0.435257   0.423941   0.410102   0.393893   0.375428   0.354798   0.332073   0.307310   0.280550   0.251827   0.221168   0.188604   0.154178   0.117954   0.079995   0.040382   -0.000840   -0.043592   -0.087781   -0.133303   -0.180047   -0.227888   -0.276689   -0.326290   -0.376459   -0.426542   -0.477047   -0.527525   -0.578373   -0.628735   -0.678965   -0.728505   -0.777737   -0.826257   -0.873762   -0.919959   -0.964364   -1.007097   -1.047998   -1.087043   -1.124370   -1.159911   -1.193924   
0.211353   0.228950   0.246452   0.263730   0.280604   0.296929   0.312625   0.327662   0.342043   0.355797   0.368976   0.381656   0.393937   0.405937   0.417543   0.428330   0.437484   0.443868   0.446909   0.446440   0.442298   0.434471   0.423172   0.408700   0.391297   0.371144   0.348372   0.323081   0.295343   0.265216   0.232749   0.197988   0.160991   0.121829   0.080591   0.037370   -0.007757   -0.054717   -0.103401   -0.153687   -0.205440   -0.258506   -0.312687   -0.367439   -0.422678   -0.478393   -0.535095   -0.591749   -0.648767   -0.705522   -0.762544   -0.819338   -0.875579   -0.930959   -0.984937   -1.037523   -1.088476   -1.137600   -1.184839   -1.229886   -1.272899   -1.314013   -1.353275   -1.391189   
0.163188   0.182605   0.202347   0.222106   0.241649   0.260802   0.279351   0.297143   0.314120   0.330282   0.345661   0.360306   0.374297   0.387746   0.400689   0.412826   0.423785   0.432754   0.438360   0.439967   0.437437   0.430606   0.419557   0.404601   0.386072   0.364216   0.339210   0.311188   0.280252   0.246487   0.209967   0.170769   0.128977   0.084699   0.038045   -0.010864   -0.061948   -0.115088   -0.170138   -0.226925   -0.285190   -0.343939   -0.403983   -0.465281   -0.527500   -0.590304   -0.653506   -0.717593   -0.782090   -0.846621   -0.910874   -0.974332   -1.036753   -1.098087   -1.158035   -1.216452   -1.272744   -1.326853   -1.378678   -1.428171   -1.475789   -1.521533   -1.565556   -1.608057   
0.114983   0.135598   0.156668   0.178228   0.200081   0.221803   0.243087   0.263721   0.283468   0.302215   0.319947   0.336702   0.352553   0.367610   0.381960   0.395354   0.407547   0.418171   0.426194   0.430133   0.429385   0.423817   0.413282   0.398000   0.378375   0.354750   0.327371   0.296420   0.262039   0.224347   0.183454   0.139466   0.092504   0.042710   -0.009772   -0.064800   -0.122261   -0.181966   -0.243562   -0.305952   -0.370049   -0.436468   -0.503620   -0.572255   -0.641935   -0.713033   -0.784884   -0.857152   -0.929499   -1.001088   -1.072393   -1.142897   -1.212509   -1.280561   -1.346859   -1.411149   -1.472980   -1.532680   -1.589995   -1.644980   -1.697783   -1.748593   -1.797633   -1.845155   
0.067187   0.088767   0.111169   0.134007   0.157155   0.180639   0.204164   0.227242   0.249597   0.271001   0.291244   0.310286   0.328194   0.345077   0.361049   0.375902   0.389396   0.401275   0.410978   0.417201   0.418471   0.414250   0.404401   0.388923   0.368219   0.342748   0.312845   0.278755   0.240671   0.198755   0.153154   0.104014   0.051499   -0.004206   -0.062906   -0.124424   -0.188332   -0.253485   -0.320981   -0.391444   -0.463228   -0.536727   -0.612683   -0.690304   -0.769164   -0.848929   -0.928994   -1.009109   -1.089270   -1.169141   -1.248495   -1.326643   -1.403574   -1.478472   -1.551750   -1.622780   -1.691258   -1.757058   -1.820229   -1.880921   -1.939332   -1.995697   -2.050281   -2.103373   
0.022790   0.043546   0.065896   0.089528   0.113880   0.138481   0.163256   0.188154   0.212727   0.236529   0.259337   0.280915   0.301188   0.320218   0.338100   0.354629   0.369578   0.382694   0.393558   0.401483   0.404734   0.401997   0.392909   0.377344   0.355582   0.328184   0.295600   0.258156   0.216104   0.169657   0.119010   0.064360   0.005930   -0.056022   -0.120548   -0.187608   -0.257348   -0.330584   -0.406226   -0.483961   -0.565138   -0.648544   -0.733783   -0.820519   -0.907727   -0.996239   -1.084825   -1.174219   -1.263223   -1.351694   -1.439199   -1.525600   -1.610688   -1.693842   -1.774640   -1.852746   -1.927960   -2.000261   -2.069773   -2.136690   -2.201251   -2.263727   -2.324423   -2.383675   
-0.016192   0.002320   0.023169   0.045884   0.070206   0.095654   0.121556   0.147576   0.173700   0.199629   0.224797   0.248908   0.271716   0.293107   0.313111   0.331497   0.348049   0.362495   0.374419   0.383390   0.388294   0.387091   0.378803   0.363221   0.340428   0.311025   0.275600   0.234580   0.188290   0.137008   0.080995   0.020524   -0.043982   -0.109873   -0.180832   -0.255635   -0.333611   -0.414360   -0.499566   -0.587691   -0.678354   -0.771212   -0.865034   -0.960798   -1.057775   -1.156090   -1.254306   -1.353125   -1.451143   -1.549161   -1.646218   -1.741828   -1.835547   -1.926941   -2.015598   -2.101218   -2.183670   -2.263014   -2.339427   -2.413140   -2.484427   -2.553599   -2.621008   -2.687042   
-0.048077   -0.033203   -0.015494   0.005185   0.028214   0.053102   0.079439   0.106503   0.133729   0.160985   0.188110   0.214501   0.239774   0.263664   0.285982   0.306404   0.324701   0.340577   0.353609   0.363419   0.369310   0.369524   0.362103   0.346522   0.322718   0.291231   0.252806   0.207990   0.157206   0.100822   0.039237   -0.025105   -0.094263   -0.168890   -0.247491   -0.329552   -0.417237   -0.508647   -0.603406   -0.701173   -0.800558   -0.902784   -1.007053   -1.113185   -1.220403   -1.328618   -1.437243   -1.546451   -1.655343   -1.763418   -1.870203   -1.975235   -2.078049   -2.178178   -2.275211   -2.368884   -2.459149   -2.546127   -2.630035   -2.711140   -2.789754   -2.866236   -2.940988   -3.014458   
-0.073703   -0.061632   -0.047665   -0.030861   -0.010600   0.012635   0.038047   0.065136   0.093193   0.121529   0.149856   0.178069   0.205554   0.231858   0.256617   0.279240   0.299427   0.316837   0.331059   0.341684   0.348183   0.349377   0.342817   0.327219   0.302409   0.268770   0.227194   0.178389   0.122920   0.062465   -0.002959   -0.074936   -0.151173   -0.232447   -0.320626   -0.413456   -0.510564   -0.611612   -0.715063   -0.822363   -0.932634   -1.045608   -1.160660   -1.277179   -1.395780   -1.515506   -1.635727   -1.755918   -1.875569   -1.994179   -2.111248   -2.226277   -2.338759   -2.448194   -2.554177   -2.656503   -2.755195   -2.850426   -2.942448   -3.031563   -3.118129   -3.202560   -3.285318   -3.366912   
-0.095903   -0.085458   -0.073725   -0.060320   -0.044291   -0.024583   -0.001253   0.024691   0.052489   0.081443   0.110793   0.140146   0.169379   0.197846   0.224974   0.249915   0.272130   0.291188   0.306692   0.318162   0.325126   0.326781   0.320917   0.305307   0.279472   0.243633   0.198796   0.145940   0.088647   0.022390   -0.049262   -0.127227   -0.213515   -0.305431   -0.402677   -0.504928   -0.610509   -0.721056   -0.835609   -0.953874   -1.075269   -1.199018   -1.326119   -1.455278   -1.585893   -1.717427   -1.849337   -1.981080   -2.112113   -2.241897   -2.369892   -2.495554   -2.618325   -2.737678   -2.853231   -2.964848   -3.072613   -3.176739   -3.277511   -3.375276   -3.470447   -3.563496   -3.654952   -3.745388   
-0.115503   -0.106616   -0.096534   -0.085101   -0.071992   -0.056418   -0.037199   -0.013797   0.012712   0.041235   0.071055   0.101351   0.131702   0.161904   0.191155   0.218373   0.242730   0.263552   0.280420   0.292768   0.300178   0.301955   0.296447   0.280797   0.253911   0.215881   0.168797   0.113515   0.049949   -0.022234   -0.101105   -0.189261   -0.283954   -0.384799   -0.490075   -0.601574   -0.718244   -0.839781   -0.965607   -1.094836   -1.228740   -1.365794   -1.505411   -1.647043   -1.790132   -1.934107   -2.078381   -2.222366   -2.365476   -2.507128   -2.646737   -2.783703   -2.917419   -3.047339   -3.173123   -3.294702   -3.412206   -3.525885   -3.636065   -3.743146   -3.847602   -3.949970   -4.050845   -4.150871   
-0.133100   -0.125438   -0.116924   -0.107229   -0.096151   -0.083226   -0.067832   -0.048895   -0.025306   0.001829   0.031138   0.061838   0.093046   0.124387   0.155394   0.184653   0.211164   0.233849   0.252161   0.265426   0.273281   0.275050   0.269462   0.253724   0.225836   0.187558   0.137805   0.078010   0.008844   -0.071494   -0.160092   -0.256421   -0.358447   -0.468038   -0.584134   -0.706400   -0.834255   -0.966722   -1.105297   -1.248265   -1.395032   -1.545042   -1.697729   -1.852514   -2.008795   -2.165941   -2.323314   -2.480280   -2.636206   -2.790462   -2.942406   -3.091380   -3.236727   -3.377900   -3.514609   -3.646841   -3.774769   -3.898680   -4.018951   -4.136041   -4.250490   -4.362902   -4.473947   -4.584340   


#  Thrust coefficient

0.077751   0.079239   0.078933   0.078556   0.078117   0.077624   0.077084   0.076505   0.075896   0.075265   0.074620   0.073969   0.073320   0.072679   0.072053   0.071446   0.070863   0.070306   0.069776   0.069273   0.068798   0.068351   0.067931   0.067538   0.067170   0.066828   0.066508   0.066211   0.065935   0.065677   0.065438   0.065215   0.065008   0.064814   0.064633   0.064465   0.064307   0.064158   0.064018   0.063885   0.063757   0.063633   0.063512   0.063393   0.063275   0.063156   0.063037   0.062915   0.062792   0.062666   0.062538   0.062407   0.062272   0.062134   0.061993   0.061847   0.061699   0.061546   0.061390   0.061229   0.061064   0.060895   0.060722   0.060545   
0.095482   0.095256   0.094951   0.094583   0.094158   0.093683   0.093166   0.092615   0.092038   0.091442   0.090837   0.090231   0.089631   0.089046   0.088480   0.087941   0.087432   0.086954   0.086509   0.086099   0.085724   0.085385   0.085080   0.084811   0.084576   0.084374   0.084204   0.084064   0.083953   0.083869   0.083810   0.083773   0.083757   0.083761   0.083781   0.083817   0.083867   0.083930   0.084005   0.084092   0.084189   0.084296   0.084411   0.084533   0.084662   0.084796   0.084931   0.085067   0.085201   0.085331   0.085454   0.085566   0.085663   0.085742   0.085800   0.085831   0.085831   0.085796   0.085721   0.085602   0.085436   0.085217   0.084941   0.084603   
0.119334   0.119249   0.119097   0.118890   0.118634   0.118338   0.118007   0.117651   0.117277   0.116893   0.116509   0.116134   0.115775   0.115441   0.115140   0.114876   0.114655   0.114477   0.114346   0.114261   0.114224   0.114235   0.114292   0.114396   0.114545   0.114737   0.114969   0.115239   0.115545   0.115881   0.116246   0.116634   0.117043   0.117467   0.117901   0.118339   0.118775   0.119200   0.119609   0.119992   0.120343   0.120650   0.120905   0.121098   0.121220   0.121264   0.121218   0.121075   0.120826   0.120463   0.119980   0.119373   0.118637   0.117768   0.116765   0.115624   0.114346   0.112928   0.111370   0.109676   0.107849   0.105894   0.103819   0.101629   
0.153157   0.153419   0.153631   0.153804   0.153943   0.154055   0.154149   0.154231   0.154309   0.154391   0.154487   0.154606   0.154756   0.154946   0.155181   0.155465   0.155800   0.156188   0.156629   0.157121   0.157663   0.158252   0.158882   0.159547   0.160239   0.160947   0.161662   0.162372   0.163062   0.163718   0.164325   0.164867   0.165326   0.165687   0.165931   0.166043   0.166007   0.165809   0.165437   0.164880   0.164129   0.163175   0.162014   0.160641   0.159051   0.157241   0.155215   0.152976   0.150533   0.147896   0.145074   0.142077   0.138918   0.135610   0.132164   0.128596   0.124920   0.121149   0.117294   0.113366   0.109373   0.105326   0.101232   0.097093   
0.198759   0.199595   0.200402   0.201190   0.201963   0.202730   0.203496   0.204271   0.205060   0.205872   0.206713   0.207586   0.208496   0.209444   0.210429   0.211447   0.212488   0.213545   0.214602   0.215646   0.216657   0.217615   0.218498   0.219284   0.219948   0.220467   0.220818   0.220976   0.220921   0.220629   0.220084   0.219269   0.218169   0.216771   0.215064   0.213041   0.210700   0.208044   0.205080   0.201817   0.198269   0.194450   0.190379   0.186075   0.181558   0.176852   0.171983   0.166972   0.161838   0.156598   0.151271   0.145868   0.140401   0.134878   0.129302   0.123680   0.118014   0.112305   0.106555   0.100764   0.094932   0.089059   0.083148   0.077198   
0.257114   0.258793   0.260476   0.262168   0.263870   0.265585   0.267310   0.269045   0.270785   0.272525   0.274253   0.275957   0.277619   0.279220   0.280736   0.282139   0.283398   0.284484   0.285366   0.286014   0.286398   0.286491   0.286264   0.285692   0.284751   0.283418   0.281674   0.279508   0.276913   0.273887   0.270429   0.266547   0.262249   0.257554   0.252484   0.247068   0.241340   0.235336   0.229090   0.222633   0.215996   0.209208   0.202294   0.195281   0.188190   0.181037   0.173828   0.166572   0.159270   0.151923   0.144527   0.137079   0.129577   0.122018   0.114401   0.106724   0.098987   0.091193   0.083345   0.075450   0.067517   0.059556   0.051578   0.043596   
0.329413   0.332249   0.335095   0.337940   0.340766   0.343554   0.346278   0.348909   0.351411   0.353746   0.355877   0.357763   0.359365   0.360648   0.361574   0.362104   0.362204   0.361837   0.360973   0.359583   0.357648   0.355152   0.352085   0.348443   0.344225   0.339438   0.334094   0.328218   0.321841   0.315004   0.307751   0.300131   0.292188   0.283969   0.275519   0.266880   0.258090   0.249182   0.240181   0.231108   0.221979   0.212804   0.203587   0.194328   0.185021   0.175661   0.166242   0.156756   0.147194   0.137552   0.127828   0.118024   0.108142   0.098186   0.088165   0.078091   0.067978   0.057841   0.047700   0.037572   0.027479   0.017439   0.007473   -0.002397   
0.416595   0.420672   0.424659   0.428507   0.432158   0.435551   0.438624   0.441317   0.443574   0.445344   0.446577   0.447230   0.447266   0.446651   0.445354   0.443347   0.440608   0.437121   0.432879   0.427889   0.422165   0.415728   0.408609   0.400845   0.392482   0.383574   0.374187   0.364386   0.354237   0.343798   0.333121   0.322252   0.311230   0.300091   0.288864   0.277573   0.266233   0.254853   0.243430   0.231963   0.220445   0.208868   0.197220   0.185496   0.173689   0.161790   0.149792   0.137695   0.125502   0.113220   0.100859   0.088433   0.075962   0.063463   0.050960   0.038473   0.026028   0.013645   0.001349   -0.010837   -0.022894   -0.034799   -0.046530   -0.058060   
0.518352   0.523148   0.527533   0.531423   0.534739   0.537409   0.539369   0.540568   0.540958   0.540501   0.539165   0.536924   0.533759   0.529663   0.524635   0.518689   0.511845   0.504131   0.495582   0.486244   0.476174   0.465442   0.454130   0.442313   0.430065   0.417452   0.404538   0.391381   0.378032   0.364535   0.350926   0.337236   0.323490   0.309703   0.295879   0.282014   0.268100   0.254129   0.240095   0.225987   0.211798   0.197516   0.183137   0.168658   0.154066   0.139364   0.124558   0.109660   0.094689   0.079665   0.064612   0.049555   0.034519   0.019528   0.004604   -0.010228   -0.024947   -0.039522   -0.053923   -0.068116   -0.082069   -0.095745   -0.109109   -0.122124   
0.631521   0.635407   0.638435   0.640545   0.641688   0.641820   0.640908   0.638924   0.635852   0.631684   0.626425   0.620087   0.612694   0.604280   0.594883   0.584548   0.573323   0.561271   0.548467   0.534996   0.520940   0.506379   0.491386   0.476033   0.460385   0.444504   0.428442   0.412246   0.395957   0.379608   0.363222   0.346807   0.330358   0.313868   0.297328   0.280728   0.264056   0.247304   0.230460   0.213513   0.196451   0.179275   0.161974   0.144544   0.126994   0.109340   0.091607   0.073820   0.056003   0.038179   0.020372   0.002610   -0.015074   -0.032646   -0.050070   -0.067312   -0.084333   -0.101096   -0.117557   -0.133668   -0.149377   -0.164629   -0.179367   -0.193532   
0.746921   0.747707   0.747345   0.745830   0.743176   0.739396   0.734501   0.728496   0.721374   0.713143   0.703796   0.693339   0.681810   0.669259   0.655745   0.641340   0.626130   0.610201   0.593634   0.576510   0.558908   0.540907   0.522584   0.504010   0.485245   0.466345   0.447358   0.428320   0.409254   0.390162   0.371037   0.351868   0.332643   0.313348   0.293969   0.274490   0.254898   0.235185   0.215336   0.195344   0.175210   0.154923   0.134485   0.113910   0.093222   0.072444   0.051606   0.030743   0.009892   -0.010913   -0.031631   -0.052227   -0.072656   -0.092871   -0.112819   -0.132446   -0.151693   -0.170502   -0.188812   -0.206558   -0.223675   -0.240092   -0.255736   -0.270535   
0.855517   0.851722   0.846747   0.840657   0.833509   0.825343   0.816180   0.806063   0.795013   0.783032   0.770099   0.756132   0.741126   0.725110   0.708131   0.690289   0.671681   0.652400   0.632541   0.612197   0.591459   0.570411   0.549127   0.527672   0.506103   0.484460   0.462763   0.441016   0.419212   0.397342   0.375395   0.353356   0.331210   0.308940   0.286526   0.263953   0.241214   0.218301   0.195198   0.171906   0.148408   0.124709   0.100846   0.076852   0.052768   0.028632   0.004482   -0.019635   -0.043669   -0.067564   -0.091263   -0.114707   -0.137834   -0.160584   -0.182890   -0.204685   -0.225900   -0.246459   -0.266284   -0.285291   -0.303388   -0.320469   -0.336377   -0.350952   
0.953907   0.945071   0.935117   0.924140   0.912247   0.899546   0.886135   0.872072   0.857350   0.841940   0.825786   0.808853   0.791125   0.772519   0.752974   0.732537   0.711274   0.689314   0.666774   0.643761   0.620373   0.596694   0.572796   0.548733   0.524538   0.500227   0.475803   0.451264   0.426603   0.401809   0.376870   0.351769   0.326488   0.301004   0.275291   0.249335   0.223125   0.196648   0.169921   0.142949   0.115749   0.088360   0.060826   0.033200   0.005538   -0.022099   -0.049651   -0.077055   -0.104248   -0.131164   -0.157737   -0.183894   -0.209564   -0.234669   -0.259128   -0.282852   -0.305746   -0.327700   -0.348538   -0.368008   -0.386298   -0.403207   -0.418863   -0.433192   
1.044462   1.030516   1.015513   0.999584   0.982871   0.965514   0.947651   0.929415   0.910916   0.892229   0.873320   0.854015   0.834126   0.813515   0.792158   0.769938   0.746818   0.722858   0.698180   0.672927   0.647213   0.621134   0.594757   0.568128   0.541272   0.514204   0.486931   0.459451   0.431761   0.403847   0.375685   0.347245   0.318493   0.289409   0.259986   0.230235   0.200158   0.169776   0.139119   0.108206   0.077099   0.045862   0.014556   -0.016752   -0.047997   -0.079110   -0.110021   -0.140657   -0.170943   -0.200801   -0.230147   -0.258891   -0.286939   -0.314181   -0.340470   -0.365490   -0.389308   -0.411860   -0.433177   -0.453215   -0.471655   -0.488590   -0.503961   -0.517773   
1.129841   1.110971   1.091172   1.070585   1.049356   1.027630   1.005552   0.983268   0.960927   0.938673   0.916628   0.894813   0.872982   0.850743   0.827821   0.804116   0.779599   0.754118   0.727730   0.700532   0.672681   0.644290   0.615444   0.586196   0.556585   0.526632   0.496340   0.465699   0.434692   0.403304   0.371517   0.339315   0.306683   0.273616   0.240137   0.206283   0.172090   0.137624   0.102905   0.067988   0.032942   -0.002162   -0.037251   -0.072249   -0.107081   -0.141665   -0.175919   -0.209752   -0.243070   -0.275768   -0.307727   -0.338753   -0.368420   -0.397094   -0.424452   -0.450813   -0.475771   -0.499188   -0.521136   -0.541381   -0.560165   -0.577339   -0.592842   -0.606565   
1.212838   1.189427   1.165159   1.140197   1.114702   1.088830   1.062735   1.036571   1.010487   0.984628   0.959136   0.934140   0.909710   0.885615   0.861247   0.836239   0.810361   0.783594   0.755761   0.726875   0.697029   0.666377   0.635030   0.603055   0.570495   0.537378   0.503725   0.469547   0.434845   0.399612   0.363846   0.327553   0.290750   0.253473   0.215781   0.177723   0.139369   0.100756   0.061923   0.022948   -0.016090   -0.055110   -0.094025   -0.132749   -0.171185   -0.209235   -0.246787   -0.283715   -0.319800   -0.354510   -0.388351   -0.420983   -0.452765   -0.483068   -0.512120   -0.539605   -0.565730   -0.590377   -0.613332   -0.634442   -0.653430   -0.670494   -0.685733   -0.699286   
1.294888   1.267333   1.238861   1.209719   1.180115   1.150233   1.120244   1.090308   1.060572   1.031176   1.002255   0.973945   0.946381   0.919592   0.893295   0.866862   0.839749   0.811654   0.782462   0.752011   0.720252   0.687270   0.653226   0.618254   0.582447   0.545863   0.508547   0.470536   0.431862   0.392551   0.352623   0.312104   0.271029   0.229458   0.187473   0.145137   0.102532   0.059676   0.016647   -0.026467   -0.069571   -0.112567   -0.155350   -0.197806   -0.239805   -0.281148   -0.321147   -0.360410   -0.398513   -0.435997   -0.472036   -0.507049   -0.540554   -0.572997   -0.604077   -0.633574   -0.661272   -0.686729   -0.710160   -0.731474   -0.750695   -0.767973   -0.783219   -0.796676   
1.375085   1.344422   1.312514   1.279644   1.246172   1.212420   1.178626   1.144975   1.111626   1.078719   1.046389   1.014765   0.983978   0.954147   0.925160   0.896640   0.868008   0.838510   0.807726   0.775510   0.741714   0.706310   0.669432   0.631285   0.592037   0.551807   0.510685   0.468730   0.425990   0.382501   0.338302   0.293438   0.247971   0.201996   0.155612   0.108905   0.061928   0.014727   -0.032593   -0.079924   -0.127149   -0.174137   -0.220722   -0.266359   -0.310926   -0.354547   -0.397852   -0.439850   -0.481009   -0.520781   -0.559774   -0.597603   -0.634034   -0.668850   -0.701561   -0.732278   -0.760882   -0.787271   -0.811472   -0.833208   -0.852663   -0.869957   -0.885102   -0.898562   
1.451573   1.419164   1.384915   1.349316   1.312759   1.275571   1.238155   1.200865   1.163929   1.127519   1.091775   1.056820   1.022749   0.989658   0.957554   0.926103   0.894979   0.863609   0.831061   0.796871   0.760928   0.723088   0.683406   0.642104   0.599420   0.555524   0.510535   0.464540   0.417611   0.369810   0.321202   0.271861   0.221879   0.171389   0.120490   0.069291   0.017823   -0.033814   -0.085490   -0.137056   -0.188278   -0.238048   -0.287341   -0.336154   -0.384328   -0.431488   -0.477588   -0.523158   -0.567857   -0.611403   -0.653579   -0.693939   -0.732308   -0.768812   -0.803256   -0.835621   -0.865399   -0.892628   -0.917276   -0.939302   -0.959165   -0.976850   -0.992468   -1.006164   
1.522197   1.489255   1.454333   1.417417   1.378799   1.339091   1.298770   1.258176   1.217710   1.177681   1.138307   1.099734   1.062075   1.025451   0.989918   0.955161   0.920902   0.886836   0.852213   0.816059   0.777965   0.737814   0.695473   0.651089   0.604959   0.557328   0.508369   0.458211   0.406958   0.354707   0.301554   0.247602   0.192980   0.137848   0.082326   0.026522   -0.029509   -0.085600   -0.141418   -0.195647   -0.249467   -0.303641   -0.356573   -0.409122   -0.460855   -0.512327   -0.562960   -0.612515   -0.660751   -0.706836   -0.751472   -0.794245   -0.835210   -0.873820   -0.909996   -0.943618   -0.974326   -1.002547   -1.028087   -1.051002   -1.071413   -1.089467   -1.105329   -1.119179   
1.587604   1.554751   1.519461   1.482163   1.442970   1.401869   1.359267   1.315834   1.272049   1.228363   1.185206   1.142822   1.101381   1.061030   1.021876   0.983658   0.946104   0.908950   0.871707   0.833477   0.793303   0.750811   0.705865   0.658444   0.608841   0.557398   0.504362   0.449915   0.394206   0.337368   0.279533   0.220838   0.161458   0.101579   0.041366   -0.019080   -0.079366   -0.138015   -0.196509   -0.255717   -0.313814   -0.371382   -0.429215   -0.486672   -0.543408   -0.599186   -0.653470   -0.706060   -0.757190   -0.806639   -0.854364   -0.899755   -0.942968   -0.983322   -1.021370   -1.056648   -1.088961   -1.118258   -1.144605   -1.168137   -1.189011   -1.207403   -1.223502   -1.237510   
1.645299   1.614517   1.580311   1.542961   1.503121   1.461348   1.417707   1.372280   1.325736   1.278801   1.231954   1.185730   1.140493   1.096442   1.053692   1.011985   0.971053   0.930630   0.890291   0.849512   0.807129   0.762287   0.714715   0.664283   0.611189   0.555863   0.498646   0.439790   0.379495   0.317939   0.255294   0.191745   0.127528   0.062877   -0.001202   -0.064529   -0.127531   -0.191404   -0.254839   -0.317643   -0.381339   -0.444804   -0.507720   -0.569844   -0.630135   -0.689676   -0.747296   -0.804003   -0.858688   -0.911343   -0.961723   -1.009803   -1.055596   -1.098635   -1.138660   -1.175482   -1.209007   -1.239267   -1.266385   -1.290524   -1.311866   -1.330607   -1.346956   -1.361141   
1.693041   1.665525   1.633742   1.598127   1.558923   1.516654   1.472128   1.425787   1.377699   1.328316   1.278496   1.228819   1.179863   1.132080   1.085662   1.040359   0.995930   0.952091   0.908415   0.864527   0.819626   0.772380   0.722129   0.668689   0.612100   0.552827   0.491334   0.427954   0.362952   0.296563   0.229016   0.160567   0.091650   0.025716   -0.042069   -0.110577   -0.178933   -0.246815   -0.316211   -0.385598   -0.454658   -0.523140   -0.589716   -0.655730   -0.720528   -0.784491   -0.846214   -0.906625   -0.964446   -1.020699   -1.074615   -1.125882   -1.174241   -1.219442   -1.261256   -1.299533   -1.334241   -1.365468   -1.393373   -1.418139   -1.439968   -1.459074   -1.475693   -1.490077   
1.729207   1.705976   1.678094   1.645327   1.608271   1.567379   1.523040   1.476055   1.427126   1.376483   1.324422   1.271855   1.219504   1.168014   1.117856   1.068852   1.020797   0.973396   0.926225   0.878939   0.830985   0.781176   0.728220   0.671739   0.611655   0.548385   0.482528   0.414526   0.344725   0.273439   0.201026   0.130924   0.059995   -0.012862   -0.085786   -0.158345   -0.233158   -0.308247   -0.383282   -0.458006   -0.530852   -0.603534   -0.675287   -0.746204   -0.815524   -0.883420   -0.949396   -1.013917   -1.076259   -1.136113   -1.193212   -1.247298   -1.298118   -1.345421   -1.388991   -1.428716   -1.464624   -1.496847   -1.525566   -1.550984   -1.573320   -1.592812   -1.609723   -1.624336   
1.755456   1.735538   1.712124   1.684088   1.650646   1.612220   1.569579   1.523193   1.473817   1.422277   1.369016   1.314297   1.259064   1.204169   1.150280   1.097488   1.045687   0.994585   0.943784   0.892917   0.841542   0.788812   0.733087   0.673509   0.609925   0.542628   0.472346   0.399661   0.325046   0.250888   0.177086   0.100592   0.024569   -0.052159   -0.131938   -0.212345   -0.293027   -0.373722   -0.452631   -0.531814   -0.610383   -0.688357   -0.765124   -0.840317   -0.914709   -0.987606   -1.058556   -1.127245   -1.193384   -1.256702   -1.316934   -1.373818   -1.427089   -1.476488   -1.521818   -1.563015   -1.600159   -1.633412   -1.662976   -1.689069   -1.711933   -1.731833   -1.749062   -1.763934   
1.776008   1.758036   1.737249   1.713179   1.684701   1.650557   1.610693   1.566091   1.517502   1.465659   1.411451   1.355475   1.298065   1.240240   1.182872   1.126265   1.070620   1.015690   0.961139   0.906540   0.851519   0.795448   0.736794   0.674092   0.606998   0.535674   0.460956   0.383670   0.310258   0.231084   0.151983   0.071519   -0.012798   -0.097957   -0.183765   -0.269981   -0.354565   -0.439918   -0.525005   -0.609852   -0.693857   -0.776481   -0.858957   -0.940203   -1.019800   -1.097426   -1.172777   -1.245558   -1.315483   -1.382276   -1.445661   -1.505364   -1.561103   -1.612614   -1.659730   -1.702439   -1.740859   -1.775179   -1.805614   -1.832405   -1.855819   -1.876152   -1.893727   -1.908889   
1.792216   1.776044   1.757159   1.735336   1.710155   1.680682   1.645552   1.604050   1.557223   1.506191   1.451708   1.394738   1.335944   1.275818   1.215406   1.155150   1.095606   1.036742   0.978315   0.919846   0.861030   0.801303   0.739459   0.673595   0.602989   0.527709   0.450888   0.373092   0.292689   0.208450   0.123913   0.034478   -0.055883   -0.146932   -0.236583   -0.327581   -0.418723   -0.510064   -0.600966   -0.690772   -0.781067   -0.870484   -0.958611   -1.045117   -1.129688   -1.212013   -1.291782   -1.368691   -1.442446   -1.512760   -1.579343   -1.641904   -1.700141   -1.753795   -1.802737   -1.847002   -1.886742   -1.922160   -1.953492   -1.981004   -2.004992   -2.025783   -2.043732   -2.059218   
1.805058   1.790248   1.773079   1.753144   1.730164   1.703552   1.672566   1.635980   1.592474   1.543123   1.489352   1.432016   1.372164   1.310470   1.247543   1.184011   1.120637   1.057755   0.995335   0.932865   0.870126   0.806566   0.741208   0.672159   0.598120   0.523658   0.444524   0.361833   0.276190   0.184044   0.090085   -0.005207   -0.099192   -0.195051   -0.291559   -0.388793   -0.486052   -0.582596   -0.680311   -0.777580   -0.873974   -0.969147   -1.062776   -1.154544   -1.244133   -1.331215   -1.415465   -1.496569   -1.574222   -1.648120   -1.717959   -1.783423   -1.844198   -1.900037   -1.950854   -1.996724   -2.037820   -2.074366   -2.106620   -2.134877   -2.159464   -2.180739   -2.199092   -2.214935   


# Torque coefficient

0.001365   0.001740   0.002072   0.002401   0.002727   0.003050   0.003370   0.003688   0.004002   0.004314   0.004622   0.004929   0.005233   0.005534   0.005834   0.006132   0.006428   0.006723   0.007017   0.007311   0.007604   0.007898   0.008192   0.008487   0.008783   0.009080   0.009380   0.009681   0.009986   0.010293   0.010604   0.010918   0.011237   0.011560   0.011888   0.012221   0.012559   0.012904   0.013255   0.013612   0.013976   0.014347   0.014726   0.015111   0.015504   0.015904   0.016311   0.016725   0.017145   0.017572   0.018004   0.018442   0.018886   0.019335   0.019788   0.020246   0.020708   0.021174   0.021643   0.022116   0.022590   0.023068   0.023546   0.024026   
0.002210   0.002639   0.003068   0.003498   0.003930   0.004362   0.004797   0.005233   0.005672   0.006114   0.006559   0.007008   0.007461   0.007919   0.008382   0.008851   0.009327   0.009809   0.010299   0.010796   0.011301   0.011815   0.012338   0.012869   0.013411   0.013961   0.014521   0.015091   0.015669   0.016257   0.016854   0.017458   0.018071   0.018691   0.019318   0.019952   0.020593   0.021239   0.021891   0.022548   0.023209   0.023874   0.024542   0.025211   0.025882   0.026552   0.027222   0.027889   0.028552   0.029209   0.029859   0.030501   0.031132   0.031750   0.032352   0.032937   0.033502   0.034043   0.034558   0.035044   0.035497   0.035914   0.036293   0.036631   
0.003990   0.004659   0.005339   0.006030   0.006731   0.007443   0.008167   0.008902   0.009648   0.010405   0.011173   0.011952   0.012740   0.013539   0.014347   0.015163   0.015986   0.016816   0.017653   0.018495   0.019344   0.020198   0.021057   0.021922   0.022791   0.023664   0.024542   0.025423   0.026307   0.027193   0.028080   0.028966   0.029850   0.030729   0.031603   0.032467   0.033321   0.034159   0.034981   0.035780   0.036555   0.037300   0.038012   0.038685   0.039317   0.039901   0.040435   0.040915   0.041336   0.041697   0.041994   0.042223   0.042384   0.042473   0.042490   0.042433   0.042302   0.042098   0.041823   0.041478   0.041064   0.040582   0.040036   0.039427   
0.008165   0.009235   0.010317   0.011409   0.012511   0.013619   0.014733   0.015852   0.016974   0.018100   0.019227   0.020357   0.021489   0.022623   0.023758   0.024897   0.026038   0.027181   0.028326   0.029472   0.030616   0.031759   0.032897   0.034028   0.035150   0.036259   0.037350   0.038420   0.039463   0.040474   0.041446   0.042374   0.043252   0.044073   0.044831   0.045522   0.046139   0.046678   0.047136   0.047507   0.047789   0.047978   0.048074   0.048075   0.047982   0.047797   0.047522   0.047157   0.046705   0.046168   0.045550   0.044856   0.044089   0.043254   0.042355   0.041398   0.040386   0.039324   0.038214   0.037061   0.035867   0.034634   0.033367   0.032065   
0.014857   0.016304   0.017749   0.019191   0.020633   0.022074   0.023515   0.024958   0.026401   0.027845   0.029289   0.030734   0.032179   0.033622   0.035061   0.036494   0.037917   0.039323   0.040708   0.042066   0.043388   0.044668   0.045899   0.047072   0.048178   0.049207   0.050153   0.051007   0.051762   0.052413   0.052952   0.053378   0.053686   0.053877   0.053949   0.053907   0.053749   0.053476   0.053091   0.052597   0.051999   0.051302   0.050512   0.049637   0.048683   0.047655   0.046559   0.045400   0.044184   0.042916   0.041601   0.040245   0.038850   0.037420   0.035955   0.034457   0.032927   0.031364   0.029769   0.028143   0.026484   0.024795   0.023074   0.021322   
0.022814   0.024588   0.026360   0.028133   0.029907   0.031683   0.033460   0.035237   0.037012   0.038779   0.040534   0.042272   0.043986   0.045665   0.047301   0.048883   0.050399   0.051837   0.053185   0.054430   0.055560   0.056565   0.057437   0.058169   0.058758   0.059203   0.059505   0.059664   0.059680   0.059554   0.059288   0.058888   0.058358   0.057708   0.056943   0.056073   0.055102   0.054037   0.052886   0.051656   0.050356   0.048993   0.047577   0.046111   0.044601   0.043051   0.041464   0.039841   0.038183   0.036492   0.034766   0.033006   0.031209   0.029375   0.027506   0.025599   0.023654   0.021672   0.019654   0.017600   0.015514   0.013397   0.011252   0.009084   
0.031443   0.033577   0.035713   0.037849   0.039983   0.042109   0.044219   0.046303   0.048348   0.050341   0.052267   0.054110   0.055853   0.057478   0.058967   0.060306   0.061483   0.062489   0.063325   0.063986   0.064473   0.064785   0.064924   0.064896   0.064707   0.064365   0.063878   0.063252   0.062492   0.061605   0.060600   0.059486   0.058273   0.056973   0.055595   0.054144   0.052629   0.051057   0.049434   0.047766   0.046057   0.044309   0.042525   0.040704   0.038845   0.036948   0.035013   0.033036   0.031017   0.028954   0.026847   0.024695   0.022498   0.020257   0.017974   0.015651   0.013293   0.010903   0.008484   0.006042   0.003580   0.001104   -0.001382   -0.003872   
0.040635   0.043161   0.045669   0.048145   0.050573   0.052935   0.055208   0.057371   0.059401   0.061274   0.062972   0.064480   0.065788   0.066888   0.067777   0.068457   0.068934   0.069216   0.069312   0.069233   0.068984   0.068571   0.068001   0.067282   0.066424   0.065437   0.064333   0.063119   0.061804   0.060397   0.058906   0.057342   0.055711   0.054020   0.052276   0.050483   0.048645   0.046764   0.044841   0.042876   0.040868   0.038817   0.036719   0.034575   0.032381   0.030138   0.027844   0.025499   0.023103   0.020657   0.018163   0.015623   0.013040   0.010419   0.007762   0.005076   0.002364   -0.000368   -0.003116   -0.005875   -0.008638   -0.011402   -0.014160   -0.016906   
0.050187   0.052963   0.055633   0.058171   0.060554   0.062757   0.064758   0.066536   0.068075   0.069368   0.070419   0.071240   0.071842   0.072237   0.072433   0.072438   0.072261   0.071914   0.071407   0.070752   0.069955   0.069023   0.067965   0.066788   0.065501   0.064113   0.062633   0.061067   0.059423   0.057707   0.055925   0.054084   0.052189   0.050242   0.048246   0.046201   0.044105   0.041958   0.039761   0.037511   0.035208   0.032850   0.030437   0.027968   0.025440   0.022854   0.020210   0.017510   0.014756   0.011951   0.009100   0.006207   0.003275   0.000311   -0.002683   -0.005700   -0.008737   -0.011787   -0.014844   -0.017900   -0.020949   -0.023982   -0.026991   -0.029968   
0.058530   0.061110   0.063479   0.065611   0.067489   0.069106   0.070465   0.071575   0.072450   0.073102   0.073542   0.073785   0.073846   0.073735   0.073462   0.073035   0.072460   0.071744   0.070894   0.069917   0.068817   0.067599   0.066270   0.064836   0.063303   0.061680   0.059973   0.058188   0.056331   0.054408   0.052422   0.050378   0.048276   0.046116   0.043899   0.041623   0.039287   0.036890   0.034431   0.031908   0.029320   0.026665   0.023944   0.021154   0.018295   0.015371   0.012384   0.009338   0.006236   0.003081   -0.000121   -0.003367   -0.006650   -0.009964   -0.013303   -0.016660   -0.020026   -0.023395   -0.026756   -0.030100   -0.033416   -0.036693   -0.039917   -0.043076   
0.062536   0.064543   0.066304   0.067826   0.069121   0.070208   0.071101   0.071813   0.072349   0.072714   0.072909   0.072936   0.072804   0.072521   0.072090   0.071514   0.070797   0.069942   0.068953   0.067835   0.066592   0.065230   0.063756   0.062176   0.060498   0.058730   0.056879   0.054951   0.052952   0.050882   0.048743   0.046534   0.044255   0.041905   0.039484   0.036990   0.034422   0.031778   0.029057   0.026257   0.023378   0.020417   0.017375   0.014253   0.011052   0.007777   0.004431   0.001019   -0.002454   -0.005980   -0.009555   -0.013170   -0.016819   -0.020493   -0.024181   -0.027873   -0.031559   -0.035225   -0.038862   -0.042454   -0.045990   -0.049454   -0.052831   -0.056106   
0.061269   0.062707   0.063977   0.065099   0.066089   0.066959   0.067714   0.068362   0.068904   0.069336   0.069647   0.069807   0.069803   0.069629   0.069279   0.068757   0.068069   0.067221   0.066219   0.065073   0.063791   0.062382   0.060854   0.059215   0.057473   0.055635   0.053705   0.051686   0.049579   0.047387   0.045109   0.042745   0.040295   0.037757   0.035130   0.032413   0.029602   0.026698   0.023696   0.020597   0.017397   0.014099   0.010704   0.007217   0.003644   -0.000010   -0.003741   -0.007539   -0.011399   -0.015310   -0.019263   -0.023248   -0.027254   -0.031270   -0.035284   -0.039284   -0.043255   -0.047184   -0.051055   -0.054851   -0.058556   -0.062149   -0.065602   -0.068890   
0.055851   0.057037   0.058136   0.059166   0.060138   0.061063   0.061947   0.062788   0.063565   0.064255   0.064830   0.065269   0.065557   0.065662   0.065558   0.065245   0.064721   0.064002   0.063100   0.062027   0.060796   0.059417   0.057902   0.056259   0.054495   0.052617   0.050627   0.048529   0.046324   0.044014   0.041598   0.039076   0.036447   0.033708   0.030856   0.027887   0.024802   0.021597   0.018274   0.014833   0.011277   0.007610   0.003837   -0.000035   -0.003998   -0.008045   -0.012165   -0.016351   -0.020591   -0.024875   -0.029192   -0.033530   -0.037875   -0.042214   -0.046533   -0.050814   -0.055040   -0.059192   -0.063241   -0.067149   -0.070935   -0.074565   -0.078053   -0.081381   
0.048987   0.050160   0.051279   0.052356   0.053403   0.054428   0.055438   0.056435   0.057416   0.058371   0.059270   0.060059   0.060689   0.061126   0.061358   0.061356   0.061104   0.060606   0.059878   0.058941   0.057811   0.056505   0.055037   0.053415   0.051648   0.049741   0.047699   0.045524   0.043218   0.040781   0.038212   0.035508   0.032668   0.029688   0.026569   0.023309   0.019908   0.016370   0.012697   0.008892   0.004963   0.000916   -0.003241   -0.007499   -0.011849   -0.016281   -0.020786   -0.025351   -0.029966   -0.034616   -0.039288   -0.043967   -0.048636   -0.053277   -0.057865   -0.062358   -0.066758   -0.071050   -0.075231   -0.079287   -0.083170   -0.086888   -0.090427   -0.093785   
0.042011   0.043297   0.044544   0.045758   0.046944   0.048104   0.049243   0.050362   0.051463   0.052550   0.053624   0.054667   0.055620   0.056405   0.056968   0.057287   0.057353   0.057137   0.056646   0.055895   0.054908   0.053706   0.052305   0.050718   0.048953   0.047017   0.044914   0.042646   0.040214   0.037618   0.034860   0.031937   0.028850   0.025598   0.022181   0.018605   0.014871   0.010988   0.006959   0.002789   -0.001512   -0.005938   -0.010477   -0.015121   -0.019859   -0.024678   -0.029567   -0.034511   -0.039495   -0.044503   -0.049515   -0.054504   -0.059417   -0.064289   -0.069076   -0.073807   -0.078423   -0.082904   -0.087249   -0.091423   -0.095451   -0.099307   -0.102980   -0.106457   
0.035217   0.036694   0.038133   0.039535   0.040899   0.042225   0.043513   0.044763   0.045978   0.047162   0.048320   0.049461   0.050583   0.051641   0.052530   0.053183   0.053558   0.053652   0.053438   0.052917   0.052104   0.051025   0.049699   0.048143   0.046368   0.044382   0.042192   0.039802   0.037215   0.034435   0.031462   0.028298   0.024945   0.021406   0.017686   0.013789   0.009723   0.005493   0.001104   -0.003434   -0.008112   -0.012921   -0.017849   -0.022883   -0.028012   -0.033219   -0.038489   -0.043803   -0.049131   -0.054414   -0.059699   -0.064942   -0.070172   -0.075311   -0.080379   -0.085329   -0.090180   -0.094908   -0.099480   -0.103870   -0.108043   -0.112018   -0.115804   -0.119416   
0.028610   0.030297   0.031952   0.033566   0.035133   0.036648   0.038109   0.039515   0.040867   0.042169   0.043428   0.044653   0.045855   0.047035   0.048153   0.049108   0.049806   0.050195   0.050263   0.049986   0.049363   0.048408   0.047149   0.045610   0.043808   0.041754   0.039460   0.036932   0.034178   0.031202   0.028007   0.024598   0.020976   0.017147   0.013118   0.008897   0.004491   -0.000093   -0.004848   -0.009763   -0.014826   -0.020024   -0.025345   -0.030773   -0.036289   -0.041869   -0.047439   -0.053056   -0.058670   -0.064325   -0.069926   -0.075512   -0.081022   -0.086498   -0.091894   -0.097177   -0.102315   -0.107254   -0.112006   -0.116555   -0.120898   -0.125049   -0.129002   -0.132785   
0.022269   0.024123   0.025967   0.027787   0.029565   0.031285   0.032939   0.034524   0.036039   0.037488   0.038877   0.040213   0.041507   0.042771   0.043994   0.045130   0.046095   0.046767   0.047088   0.047038   0.046602   0.045777   0.044587   0.043062   0.041228   0.039105   0.036706   0.034041   0.031118   0.027944   0.024523   0.020861   0.016963   0.012836   0.008491   0.003937   -0.000817   -0.005765   -0.010895   -0.016193   -0.021646   -0.027237   -0.032946   -0.038715   -0.044535   -0.050405   -0.056379   -0.062349   -0.068356   -0.074336   -0.080344   -0.086328   -0.092254   -0.098089   -0.103776   -0.109317   -0.114686   -0.119861   -0.124839   -0.129585   -0.134117   -0.138449   -0.142586   -0.146580   
0.016334   0.018278   0.020254   0.022232   0.024188   0.026105   0.027962   0.029743   0.031442   0.033060   0.034599   0.036065   0.037465   0.038812   0.040107   0.041322   0.042419   0.043317   0.043878   0.044039   0.043785   0.043102   0.041996   0.040499   0.038644   0.036456   0.033953   0.031148   0.028052   0.024672   0.021017   0.017093   0.012910   0.008478   0.003808   -0.001087   -0.006201   -0.011520   -0.017030   -0.022714   -0.028546   -0.034427   -0.040437   -0.046572   -0.052800   -0.059087   -0.065413   -0.071828   -0.078284   -0.084743   -0.091174   -0.097526   -0.103774   -0.109913   -0.115914   -0.121761   -0.127396   -0.132812   -0.137999   -0.142953   -0.147719   -0.152298   -0.156705   -0.160959   
0.010961   0.012926   0.014935   0.016990   0.019073   0.021144   0.023173   0.025140   0.027023   0.028810   0.030500   0.032097   0.033608   0.035044   0.036412   0.037689   0.038851   0.039864   0.040629   0.041004   0.040933   0.040402   0.039398   0.037941   0.036070   0.033818   0.031208   0.028257   0.024980   0.021387   0.017488   0.013295   0.008818   0.004072   -0.000932   -0.006177   -0.011655   -0.017347   -0.023218   -0.029166   -0.035276   -0.041608   -0.048009   -0.054552   -0.061195   -0.067973   -0.074822   -0.081711   -0.088608   -0.095433   -0.102230   -0.108951   -0.115587   -0.122074   -0.128394   -0.134523   -0.140417   -0.146109   -0.151572   -0.156814   -0.161848   -0.166691   -0.171366   -0.175896   
0.006114   0.008077   0.010116   0.012194   0.014300   0.016437   0.018578   0.020678   0.022712   0.024660   0.026502   0.028235   0.029864   0.031401   0.032854   0.034205   0.035433   0.036514   0.037397   0.037964   0.038079   0.037695   0.036799   0.035390   0.033506   0.031189   0.028468   0.025365   0.021900   0.018086   0.013936   0.009465   0.004686   -0.000383   -0.005724   -0.011322   -0.017137   -0.023066   -0.029208   -0.035620   -0.042152   -0.048840   -0.055752   -0.062815   -0.069991   -0.077249   -0.084534   -0.091825   -0.099119   -0.106387   -0.113608   -0.120719   -0.127719   -0.134535   -0.141203   -0.147666   -0.153897   -0.159885   -0.165633   -0.171156   -0.176471   -0.181600   -0.186567   -0.191398   
0.001984   0.003790   0.005736   0.007792   0.009912   0.012053   0.014210   0.016377   0.018516   0.020587   0.022573   0.024451   0.026215   0.027872   0.029428   0.030867   0.032168   0.033309   0.034255   0.034945   0.035228   0.034990   0.034199   0.032844   0.030950   0.028565   0.025729   0.022470   0.018810   0.014767   0.010359   0.005602   0.000516   -0.004876   -0.010492   -0.016329   -0.022399   -0.028774   -0.035358   -0.042124   -0.049189   -0.056449   -0.063868   -0.071417   -0.079008   -0.086712   -0.094422   -0.102203   -0.109950   -0.117651   -0.125267   -0.132787   -0.140193   -0.147431   -0.154463   -0.161262   -0.167808   -0.174101   -0.180152   -0.185976   -0.191596   -0.197033   -0.202316   -0.207474   
-0.001351   0.000194   0.001933   0.003827   0.005856   0.007979   0.010139   0.012310   0.014489   0.016652   0.018751   0.020762   0.022665   0.024449   0.026117   0.027651   0.029032   0.030237   0.031231   0.031980   0.032389   0.032288   0.031597   0.030297   0.028396   0.025943   0.022989   0.019567   0.015706   0.011428   0.006756   0.001712   -0.003669   -0.009165   -0.015084   -0.021323   -0.027827   -0.034563   -0.041670   -0.049021   -0.056583   -0.064329   -0.072155   -0.080143   -0.088232   -0.096433   -0.104625   -0.112868   -0.121044   -0.129220   -0.137316   -0.145291   -0.153108   -0.160731   -0.168127   -0.175268   -0.182146   -0.188764   -0.195138   -0.201287   -0.207233   -0.213003   -0.218625   -0.224133   
-0.003850   -0.002659   -0.001241   0.000415   0.002259   0.004252   0.006361   0.008528   0.010709   0.012891   0.015063   0.017176   0.019200   0.021113   0.022900   0.024536   0.026001   0.027272   0.028316   0.029101   0.029573   0.029590   0.028996   0.027748   0.025842   0.023321   0.020244   0.016655   0.012588   0.008073   0.003142   -0.002010   -0.007548   -0.013524   -0.019818   -0.026389   -0.033411   -0.040731   -0.048318   -0.056147   -0.064106   -0.072292   -0.080641   -0.089140   -0.097725   -0.106391   -0.115089   -0.123834   -0.132554   -0.141208   -0.149759   -0.158169   -0.166402   -0.174420   -0.182190   -0.189691   -0.196919   -0.203884   -0.210603   -0.217098   -0.223393   -0.229517   -0.235503   -0.241386   
-0.005675   -0.004745   -0.003670   -0.002376   -0.000816   0.000973   0.002929   0.005015   0.007176   0.009357   0.011538   0.013711   0.015827   0.017852   0.019759   0.021500   0.023055   0.024395   0.025490   0.026308   0.026809   0.026901   0.026396   0.025195   0.023284   0.020694   0.017493   0.013735   0.009464   0.004810   -0.000228   -0.005770   -0.011640   -0.017898   -0.024687   -0.031835   -0.039312   -0.047092   -0.055057   -0.063319   -0.071809   -0.080508   -0.089367   -0.098338   -0.107470   -0.116688   -0.125945   -0.135199   -0.144412   -0.153545   -0.162558   -0.171415   -0.180076   -0.188502   -0.196662   -0.204541   -0.212140   -0.219472   -0.226558   -0.233419   -0.240085   -0.246585   -0.252958   -0.259240   
-0.007111   -0.006336   -0.005466   -0.004472   -0.003284   -0.001823   -0.000093   0.001831   0.003892   0.006039   0.008215   0.010391   0.012559   0.014669   0.016681   0.018530   0.020177   0.021590   0.022740   0.023590   0.024106   0.024229   0.023794   0.022637   0.020721   0.018064   0.014740   0.010821   0.006573   0.001660   -0.003653   -0.009433   -0.015831   -0.022646   -0.029856   -0.037438   -0.045266   -0.053462   -0.061956   -0.070725   -0.079725   -0.088901   -0.098325   -0.107901   -0.117585   -0.127338   -0.137118   -0.146886   -0.156602   -0.166225   -0.175715   -0.185032   -0.194135   -0.202984   -0.211552   -0.219828   -0.227818   -0.235538   -0.243010   -0.250259   -0.257315   -0.264214   -0.270995   -0.277700   
-0.008258   -0.007623   -0.006902   -0.006084   -0.005147   -0.004034   -0.002660   -0.000986   0.000909   0.002948   0.005080   0.007246   0.009416   0.011576   0.013667   0.015613   0.017354   0.018843   0.020049   0.020932   0.021462   0.021589   0.021195   0.020076   0.018154   0.015435   0.012068   0.008116   0.003571   -0.001590   -0.007229   -0.013532   -0.020302   -0.027512   -0.035039   -0.043011   -0.051352   -0.060042   -0.069038   -0.078277   -0.087851   -0.097650   -0.107632   -0.117758   -0.127988   -0.138282   -0.148597   -0.158892   -0.169124   -0.179251   -0.189233   -0.199025   -0.208586   -0.217874   -0.226868   -0.235560   -0.243961   -0.252089   -0.259966   -0.267622   -0.275091   -0.282409   -0.289622   -0.296773   
-0.009188   -0.008659   -0.008071   -0.007402   -0.006637   -0.005745   -0.004683   -0.003375   -0.001747   0.000126   0.002149   0.004269   0.006423   0.008587   0.010727   0.012747   0.014577   0.016143   0.017407   0.018323   0.018865   0.018987   0.018601   0.017515   0.015590   0.012947   0.009513   0.005385   0.000611   -0.004935   -0.011051   -0.017701   -0.024744   -0.032309   -0.040323   -0.048764   -0.057590   -0.066734   -0.076300   -0.086169   -0.096301   -0.106656   -0.117196   -0.127881   -0.138670   -0.149518   -0.160381   -0.171217   -0.181981   -0.192629   -0.203118   -0.213402   -0.223435   -0.233181   -0.242618   -0.251746   -0.260577   -0.269131   -0.277433   -0.285516   -0.293416   -0.301176   -0.308842   -0.316463   

